0.01 0.1344736842105263 13.44736842105263 100.0
0.02 0.15717703349282294 17.289473684210524 110.0
0.03 0.19210526315789475 23.05263157894737 120.0
0.04 0.2641447368421052 21.131578947368418 80.0
0.05 0.3201754385964912 19.210526315789473 60.0

0.001 0.09605263157894736 9.605263157894736 100.0
0.002 0.11526315789473685 11.526315789473685 100.0
0.003 0.11526315789473685 11.526315789473685 100.0
0.004 0.11526315789473685 11.526315789473685 100.0
0.005 0.11526315789473685 11.526315789473685 100.0
0.006 0.11526315789473685 11.526315789473685 100.0
0.007 0.11526315789473685 11.526315789473685 100.0
0.008 0.1344736842105263 13.44736842105263 100.0
0.009 0.12224880382775118 13.44736842105263 110.0
0.010 0.1344736842105263 13.44736842105263 100.0
0.011 0.12224880382775118 13.44736842105263 110.0
0.012 0.12224880382775118 13.44736842105263 110.0
0.013 0.13971291866028707 15.368421052631579 110.0
0.014 0.13971291866028707 15.368421052631579 110.0
0.015 0.13971291866028707 15.368421052631579 110.0
0.016 0.13971291866028707 15.368421052631579 110.0
0.017 0.13971291866028707 15.368421052631579 110.0
0.018 0.15717703349282294 17.289473684210524 110.0
0.019 0.15717703349282294 17.289473684210524 110.0
0.020 0.15717703349282294 17.289473684210524 110.0
